0 0 48 0
48 0 48 48
48 48 0 48
0 48 0 0
13 0 13 4
48 13 44 13
35 48 35 44
0 35 4 35
13 4 14 4
44 13 44 14
35 44 34 44
4 35 4 34
14 4 14 0
44 14 48 14
34 44 34 48
4 34 0 34
34 0 34 4
48 34 44 34
14 48 14 44
0 14 4 14
34 4 35 4
44 34 44 35
14 44 13 44
4 14 4 13
35 4 35 0
44 35 48 35
13 44 13 48
4 13 0 13
21 4 21 12
44 21 36 21
27 44 27 36
4 27 12 27
21 12 27 12
36 21 36 27
27 36 21 36
12 27 12 21
27 12 27 11
36 27 37 27
21 36 21 37
12 21 11 21
27 11 22 11
37 27 37 22
21 37 26 37
11 21 11 26
22 11 22 4
37 22 44 22
26 37 26 44
11 26 4 26
22 4 21 4
44 22 44 21
26 44 27 44
4 26 4 27
32 11 32 12
37 32 36 32
16 37 16 36
11 16 12 16
32 12 34 12
36 32 36 34
16 36 14 36
12 16 12 14
34 12 34 14
36 34 34 34
14 36 14 34
12 14 14 14
34 14 37 14
34 34 34 37
14 34 11 34
14 14 14 11
37 14 37 13
34 37 35 37
11 34 11 35
14 11 13 11
37 13 35 13
35 37 35 35
11 35 13 35
13 11 13 13
35 13 35 11
35 35 37 35
13 35 13 37
13 13 11 13
35 11 32 11
37 35 37 32
13 37 16 37
11 13 11 16
23 18 23 19
30 23 29 23
25 30 25 29
18 25 19 25
23 19 29 19
29 23 29 29
25 29 19 29
19 25 19 19
29 19 29 20
29 29 28 29
19 29 19 28
19 19 20 19
29 20 30 20
28 29 28 30
19 28 18 28
20 19 20 18
30 20 30 18
28 30 30 30
18 28 18 30
20 18 18 18
30 18 23 18
30 30 30 23
18 30 25 30
18 18 18 25
-1


0 0 14 14
14 0 48 11 15 6
14 11 48 30 15 9
29 30 48 48 15 9
-1 8 15

0 14 12 27
0 0 21 14 8 13
21 14 48 14 13 18
12 14 48 48 13 19
-1 2 28

14 0 21 14
21 0 48 11 22 2
0 0 14 14 13 8
21 11 48 48 19 15
18 14 21 48 19 15
0 16 18 48 17 15
0 14 11 16 13 9
12 14 18 16 16 15
-1 18 15

12 14 24 18
11 0 21 14 17 13
0 0 11 16 11 18
0 16 12 30 11 18
21 0 48 12 25 14
21 12 25 14 23 13
25 12 48 14 25 15
24 14 48 18 25 16
30 18 48 20 25 17
18 18 48 48 22 19
12 18 18 48 15 19
0 30 12 48 14 19
-1 22 19

12 18 18 24
11 14 13 18 12 17
0 0 13 20 11 19
13 0 48 19 16 17
14 19 48 48 16 25
0 20 12 27 11 20
-1 13 25

18 18 24 24
0 0 35 18 22 17
0 18 12 27 21 17
12 18 18 21 21 17
0 21 21 48 20 25
21 24 48 48 23 25
-1 25 22

21 12 24 14
0 0 22 14 20 13
0 14 23 48 22 15
23 19 30 48 22 15
23 24 48 48 24 15
-1 25 13

34 0 48 14
37 14 48 48 42 15
18 14 37 48 39 15
0 29 18 48 39 15
-1 33 8

21 0 34 12
34 0 48 21 35 8
34 21 34 48 30 13
0 12 34 48 29 13
-1 20 2

34 14 48 21
37 21 48 48 46 22
34 0 48 14 40 13
0 21 37 48 33 19
0 18 34 21 33 19
0 0 32 18 33 17
32 0 34 11 39 13
32 12 34 18 33 16
-1 33 18

30 12 34 24
34 11 48 21 35 17
32 0 48 11 30 11
18 0 32 12 30 11
36 21 48 48 34 25
34 21 36 25 35 23
34 25 36 48 33 25
30 24 34 48 32 25
28 30 30 48 31 25
0 18 30 48 29 22
0 12 30 18 29 15
0 0 18 12 29 14
-1 29 22

24 12 30 18
30 11 34 13 31 12
28 0 48 13 29 11
29 13 48 48 31 16
0 14 29 48 23 16
21 0 28 12 28 11
-1 23 13

24 18 30 24
30 0 48 35 31 22
21 0 30 12 31 21
27 12 30 18 31 21
0 0 27 21 23 20
0 21 24 48 23 23
-1 26 25

34 21 36 24
34 0 48 22 35 20
0 0 34 23 33 22
0 23 29 30 33 22
0 23 24 48 33 24
-1 35 25

34 34 48 48
0 37 34 48 33 42
0 18 34 37 33 39
0 0 19 18 33 39
-1 40 33

36 21 48 34
27 34 48 48 40 35
0 34 27 34 35 30
0 0 36 34 35 29
-1 46 20

27 34 34 48
0 37 27 48 26 46
34 34 48 48 35 40
0 0 27 37 29 33
27 0 30 34 29 33
30 0 48 32 31 33
37 32 48 34 35 39
30 32 36 34 32 33
-1 30 33

24 30 36 34
27 34 37 48 31 35
37 32 48 48 37 30
36 18 48 32 37 30
0 36 27 48 23 34
23 34 27 36 25 35
0 34 23 36 23 33
0 30 24 34 23 32
0 28 18 30 23 31
0 0 30 30 26 29
30 0 36 30 33 29
36 0 48 18 34 29
-1 26 29

30 24 36 30
35 30 37 34 36 31
35 28 48 48 37 29
0 29 35 48 32 31
0 0 34 29 32 23
36 21 48 28 37 28
-1 35 23

24 24 30 30
13 30 48 48 26 31
36 21 48 30 27 31
30 27 36 30 27 31
27 0 48 27 28 23
0 0 27 24 25 23
-1 23 26

24 34 27 36
26 34 48 48 28 35
25 0 48 34 26 33
18 0 25 29 26 33
0 0 25 24 24 33
-1 23 35

0 34 14 48
0 0 11 34 6 33
11 0 30 34 9 33
30 0 48 19 9 33
-1 15 40

14 36 27 48
0 27 14 48 13 40
14 0 14 27 18 35
14 0 48 36 19 35
-1 28 46

0 27 14 34
0 0 11 27 2 26
0 34 14 48 8 35
11 0 48 27 15 29
14 27 48 30 15 29
16 30 48 48 15 31
14 37 16 48 9 35
14 30 16 36 15 32
-1 15 30

14 24 18 36
0 27 14 37 13 31
0 37 16 48 18 37
16 36 30 48 18 37
0 0 12 27 14 23
12 23 14 27 13 25
12 0 14 23 15 23
14 0 18 24 16 23
18 0 20 18 17 23
18 0 48 30 19 26
18 30 48 36 19 33
30 36 48 48 19 34
-1 19 26

18 30 24 36
14 35 18 37 17 36
0 35 20 48 19 37
0 0 19 35 17 32
19 0 48 34 25 32
20 36 27 48 20 37
-1 25 35

18 24 24 30
0 13 18 48 17 26
18 36 27 48 17 27
18 30 21 36 17 27
21 27 48 48 25 28
24 0 48 27 25 25
-1 22 23

12 24 14 27
0 26 14 48 13 28
14 25 48 48 15 26
19 18 48 25 15 26
24 0 48 25 15 24
-1 13 23

-1
