1   1   15  15
15  1   49  12  16  7
15  12  49  31  16  10
30  31  49  49  16  10
-1  9   16

1   15  13  28
1   1   22  15  9   14
22  15  49  15  14  19
13  15  49  49  14  20
-1  3   29

15  1   22  15
22  1   49  12  23  3
1   1   15  15  14  9
22  12  49  49  20  16
19  15  22  49  20  16
1   17  19  49  18  16
1   15  12  17  14  10
13  15  19  17  17  16
-1  19  16

13  15  25  19
12  1   22  15  18  14
1   1   12  17  12  19
1   17  13  31  12  19
22  1   49  13  26  15
22  13  26  15  24  14
26  13  49  15  26  16
25  15  49  19  26  17
31  19  49  21  26  18
19  19  49  49  23  20
13  19  19  49  16  20
1   31  13  49  15  20
-1  23  20

13  19  19  25
12  15  14  19  13  18
1   1   14  21  12  20
14  1   49  20  17  18
15  20  49  49  17  26
1   21  13  28  12  21
-1  14  26

19  19  25  25
1   1   36  19  23  18
1   19  13  28  22  18
13  19  19  22  22  18
1   22  22  49  21  26
22  25  49  49  24  26
-1  26  23

22  13  25  15
1   1   23  15  21  14
1   15  24  49  23  16
24  20  31  49  23  16
24  25  49  49  25  16
-1  26  14

-1

